,Time,Temperature,Dew Point,Humidity,Wind,Wind Speed,Wind Gust,Pressure,Precip.,Condition
0,11:50 PM,79 °F,70 °F,74 °%,W,3 °mph,0 °mph,28.98 °in,0.0 °in,Fair
1,12:50 AM,77 °F,72 °F,83 °%,W,3 °mph,0 °mph,28.98 °in,0.0 °in,Fair
2,1:50 AM,77 °F,72 °F,83 °%,SW,2 °mph,0 °mph,28.98 °in,0.0 °in,Fair
3,2:50 AM,73 °F,70 °F,88 °%,NNE,3 °mph,0 °mph,28.98 °in,0.0 °in,Fair
4,3:50 AM,72 °F,68 °F,88 °%,NW,2 °mph,0 °mph,28.98 °in,0.0 °in,Fair
5,4:50 AM,72 °F,68 °F,88 °%,VAR,1 °mph,0 °mph,28.98 °in,0.0 °in,Fair
6,5:50 AM,70 °F,68 °F,94 °%,VAR,2 °mph,0 °mph,28.98 °in,0.0 °in,Fair
7,6:50 AM,72 °F,68 °F,88 °%,VAR,2 °mph,0 °mph,28.98 °in,0.0 °in,Fair
8,7:50 AM,75 °F,70 °F,83 °%,CALM,0 °mph,0 °mph,28.98 °in,0.0 °in,Fair
9,8:50 AM,79 °F,72 °F,78 °%,E,2 °mph,0 °mph,28.98 °in,0.0 °in,Fair
10,9:50 AM,81 °F,72 °F,74 °%,SSE,3 °mph,0 °mph,28.98 °in,0.0 °in,Fair
11,10:50 AM,84 °F,72 °F,66 °%,WSW,5 °mph,0 °mph,28.98 °in,0.0 °in,Fair
12,11:50 AM,90 °F,72 °F,55 °%,SSW,3 °mph,0 °mph,28.96 °in,0.0 °in,Fair
13,1:50 PM,93 °F,73 °F,52 °%,WSW,5 °mph,0 °mph,28.93 °in,0.0 °in,Fair
14,2:50 PM,93 °F,72 °F,49 °%,NNW,10 °mph,0 °mph,28.93 °in,0.0 °in,Fair
15,3:50 PM,95 °F,70 °F,44 °%,NNW,9 °mph,0 °mph,28.93 °in,0.0 °in,Fair
16,4:50 PM,95 °F,70 °F,44 °%,NNW,10 °mph,0 °mph,28.90 °in,0.0 °in,Fair
17,5:50 PM,93 °F,70 °F,46 °%,N,9 °mph,0 °mph,28.90 °in,0.0 °in,Fair
18,6:50 PM,91 °F,72 °F,52 °%,N,10 °mph,0 °mph,28.90 °in,0.0 °in,Fair
19,7:50 PM,86 °F,72 °F,62 °%,NNW,9 °mph,0 °mph,28.90 °in,0.0 °in,Fair
20,8:50 PM,84 °F,72 °F,66 °%,W,9 °mph,0 °mph,28.93 °in,0.0 °in,Fair
21,9:50 PM,82 °F,72 °F,70 °%,SSW,3 °mph,0 °mph,28.93 °in,0.0 °in,Fair
22,10:50 PM,81 °F,72 °F,74 °%,W,3 °mph,0 °mph,28.93 °in,0.0 °in,Fair
23,,,,,,,,,,
24,,,,,,,,,,
25,,,,,,,,,,
26,,,,,,,,,,
27,,,,,,,,,,
28,,,,,,,,,,
29,,,,,,,,,,
30,,,,,,,,,,
31,,,,,,,,,,
32,,,,,,,,,,
