,Time,Temperature,Dew Point,Humidity,Wind,Wind Speed,Wind Gust,Pressure,Precip.,Condition
0,12:20 AM,73 °F,57 °F,57 °%,VAR,5 °mph,0 °mph,28.90 °in,0.0 °in,Partly Cloudy
1,12:50 AM,75 °F,57 °F,53 °%,VAR,3 °mph,0 °mph,28.87 °in,0.0 °in,Partly Cloudy
2,1:20 AM,73 °F,55 °F,53 °%,WSW,5 °mph,0 °mph,28.87 °in,0.0 °in,Partly Cloudy
3,1:50 AM,73 °F,55 °F,53 °%,VAR,5 °mph,0 °mph,28.87 °in,0.0 °in,Partly Cloudy
4,2:20 AM,79 °F,52 °F,39 °%,WSW,8 °mph,0 °mph,28.87 °in,0.0 °in,Partly Cloudy
5,2:50 AM,75 °F,54 °F,47 °%,VAR,5 °mph,0 °mph,28.90 °in,0.0 °in,Partly Cloudy
6,3:20 AM,77 °F,54 °F,44 °%,VAR,5 °mph,0 °mph,28.90 °in,0.0 °in,Partly Cloudy
7,3:50 AM,75 °F,54 °F,47 °%,VAR,5 °mph,0 °mph,28.90 °in,0.0 °in,Partly Cloudy
8,4:20 AM,75 °F,54 °F,47 °%,E,7 °mph,0 °mph,28.87 °in,0.0 °in,Partly Cloudy
9,4:50 AM,75 °F,54 °F,47 °%,VAR,2 °mph,0 °mph,28.87 °in,0.0 °in,Partly Cloudy
10,5:20 AM,72 °F,54 °F,53 °%,NNE,6 °mph,0 °mph,28.87 °in,0.0 °in,Partly Cloudy
11,5:50 AM,72 °F,54 °F,53 °%,SE,3 °mph,0 °mph,28.87 °in,0.0 °in,Mostly Cloudy
12,6:20 AM,70 °F,54 °F,56 °%,VAR,2 °mph,0 °mph,28.90 °in,0.0 °in,Mostly Cloudy
13,6:50 AM,70 °F,54 °F,56 °%,ENE,5 °mph,0 °mph,28.87 °in,0.0 °in,Partly Cloudy
14,7:20 AM,70 °F,54 °F,56 °%,VAR,2 °mph,0 °mph,28.87 °in,0.0 °in,Partly Cloudy
15,7:50 AM,72 °F,55 °F,57 °%,VAR,2 °mph,0 °mph,28.90 °in,0.0 °in,Partly Cloudy
16,8:20 AM,72 °F,55 °F,57 °%,VAR,2 °mph,0 °mph,28.90 °in,0.0 °in,Mostly Cloudy
17,8:50 AM,73 °F,57 °F,57 °%,CALM,0 °mph,0 °mph,28.87 °in,0.0 °in,Mostly Cloudy
18,9:20 AM,75 °F,57 °F,53 °%,S,3 °mph,0 °mph,28.90 °in,0.0 °in,Mostly Cloudy
19,9:50 AM,77 °F,57 °F,50 °%,E,7 °mph,0 °mph,28.90 °in,0.0 °in,Mostly Cloudy
20,10:20 AM,77 °F,55 °F,47 °%,E,6 °mph,0 °mph,28.90 °in,0.0 °in,Mostly Cloudy
21,10:50 AM,77 °F,57 °F,50 °%,NNE,5 °mph,0 °mph,28.90 °in,0.0 °in,Mostly Cloudy
22,11:20 AM,77 °F,57 °F,50 °%,S,3 °mph,0 °mph,28.90 °in,0.0 °in,Mostly Cloudy
23,11:28 AM,73 °F,61 °F,65 °%,S,10 °mph,0 °mph,28.90 °in,0.0 °in,Light Rain Shower
24,11:50 AM,68 °F,63 °F,83 °%,WNW,12 °mph,0 °mph,28.90 °in,0.0 °in,Light Rain Shower
25,12:20 PM,68 °F,63 °F,83 °%,NW,6 °mph,0 °mph,28.90 °in,0.0 °in,Light Rain Shower
26,12:43 PM,68 °F,63 °F,83 °%,NE,2 °mph,0 °mph,28.90 °in,0.0 °in,Light Rain with Thunder
27,12:50 PM,68 °F,63 °F,83 °%,NE,2 °mph,0 °mph,28.90 °in,0.0 °in,Light Rain with Thunder
28,1:20 PM,66 °F,63 °F,88 °%,W,7 °mph,0 °mph,28.90 °in,0.0 °in,Mostly Cloudy
29,1:50 PM,66 °F,64 °F,94 °%,W,7 °mph,0 °mph,28.90 °in,0.0 °in,Mostly Cloudy
30,2:20 PM,66 °F,61 °F,83 °%,NNW,9 °mph,0 °mph,28.90 °in,0.0 °in,Mostly Cloudy
31,2:50 PM,64 °F,59 °F,83 °%,ENE,3 °mph,0 °mph,28.90 °in,0.0 °in,Mostly Cloudy
32,3:20 PM,66 °F,61 °F,83 °%,VAR,2 °mph,0 °mph,28.90 °in,0.0 °in,Mostly Cloudy
33,3:50 PM,66 °F,61 °F,83 °%,NNE,5 °mph,0 °mph,28.90 °in,0.0 °in,Mostly Cloudy
34,4:20 PM,66 °F,61 °F,83 °%,N,5 °mph,0 °mph,28.90 °in,0.0 °in,Light Rain with Thunder
35,4:50 PM,66 °F,63 °F,88 °%,NW,9 °mph,0 °mph,28.90 °in,0.0 °in,Mostly Cloudy
36,5:20 PM,66 °F,63 °F,88 °%,NW,6 °mph,0 °mph,28.90 °in,0.0 °in,Mostly Cloudy
37,5:40 PM,66 °F,63 °F,88 °%,NW,6 °mph,0 °mph,28.90 °in,0.0 °in,Light Rain with Thunder
38,5:50 PM,64 °F,61 °F,88 °%,NW,7 °mph,0 °mph,28.93 °in,0.0 °in,Light Rain with Thunder
39,6:20 PM,64 °F,63 °F,94 °%,SW,7 °mph,0 °mph,28.93 °in,0.0 °in,Light Rain with Thunder
40,6:50 PM,63 °F,59 °F,88 °%,SSW,7 °mph,0 °mph,28.90 °in,0.0 °in,Mostly Cloudy
41,7:20 PM,63 °F,59 °F,88 °%,VAR,2 °mph,0 °mph,28.93 °in,0.0 °in,Mostly Cloudy
42,7:50 PM,63 °F,61 °F,94 °%,N,3 °mph,0 °mph,28.93 °in,0.0 °in,Mostly Cloudy
43,8:20 PM,63 °F,61 °F,94 °%,WNW,3 °mph,0 °mph,28.93 °in,0.0 °in,Mostly Cloudy
44,8:50 PM,63 °F,61 °F,94 °%,WNW,5 °mph,0 °mph,28.96 °in,0.0 °in,Mostly Cloudy
45,9:20 PM,63 °F,61 °F,94 °%,SW,5 °mph,0 °mph,28.96 °in,0.0 °in,Mostly Cloudy
46,9:50 PM,63 °F,61 °F,94 °%,VAR,2 °mph,0 °mph,28.96 °in,0.0 °in,Mostly Cloudy
47,10:20 PM,61 °F,61 °F,100 °%,VAR,1 °mph,0 °mph,28.96 °in,0.0 °in,Mostly Cloudy
48,10:50 PM,61 °F,61 °F,100 °%,WSW,1 °mph,0 °mph,28.96 °in,0.0 °in,Mostly Cloudy
49,11:20 PM,61 °F,61 °F,100 °%,NNW,7 °mph,0 °mph,28.98 °in,0.0 °in,Mostly Cloudy
50,11:50 PM,63 °F,61 °F,94 °%,SE,3 °mph,0 °mph,28.98 °in,0.0 °in,Mostly Cloudy
51,,,,,,,,,,
52,,,,,,,,,,
53,,,,,,,,,,
54,,,,,,,,,,
55,,,,,,,,,,
56,,,,,,,,,,
57,,,,,,,,,,
58,,,,,,,,,,
59,,,,,,,,,,
60,,,,,,,,,,
