,Time,Temperature,Dew Point,Humidity,Wind,Wind Speed,Wind Gust,Pressure,Precip.,Condition
0,12:20 AM,72 °F,63 °F,73 °%,NE,3 °mph,0 °mph,29.04 °in,0.0 °in,Fair
1,12:50 AM,68 °F,63 °F,83 °%,ENE,3 °mph,0 °mph,29.04 °in,0.0 °in,Fair
2,1:20 AM,68 °F,63 °F,83 °%,E,5 °mph,0 °mph,29.04 °in,0.0 °in,Fair
3,1:50 AM,68 °F,61 °F,78 °%,N,3 °mph,0 °mph,29.04 °in,0.0 °in,Fair
4,2:20 AM,66 °F,61 °F,83 °%,CALM,0 °mph,0 °mph,29.04 °in,0.0 °in,Fair
5,2:50 AM,66 °F,61 °F,83 °%,CALM,0 °mph,0 °mph,29.04 °in,0.0 °in,Fair
6,3:20 AM,64 °F,59 °F,83 °%,VAR,2 °mph,0 °mph,29.04 °in,0.0 °in,Fair
7,3:50 AM,63 °F,59 °F,88 °%,CALM,0 °mph,0 °mph,29.04 °in,0.0 °in,Fair
8,4:20 AM,63 °F,59 °F,88 °%,VAR,2 °mph,0 °mph,29.04 °in,0.0 °in,Fair
9,4:50 AM,63 °F,59 °F,88 °%,VAR,2 °mph,0 °mph,29.04 °in,0.0 °in,Fair
10,5:20 AM,63 °F,59 °F,88 °%,CALM,0 °mph,0 °mph,29.04 °in,0.0 °in,Fair
11,5:50 AM,63 °F,59 °F,88 °%,VAR,1 °mph,0 °mph,29.04 °in,0.0 °in,Fair
12,6:20 AM,61 °F,57 °F,88 °%,VAR,1 °mph,0 °mph,29.07 °in,0.0 °in,Fair
13,6:50 AM,63 °F,61 °F,94 °%,VAR,1 °mph,0 °mph,29.07 °in,0.0 °in,Fair
14,7:20 AM,68 °F,63 °F,83 °%,CALM,0 °mph,0 °mph,29.07 °in,0.0 °in,Fair
15,7:50 AM,68 °F,61 °F,78 °%,VAR,1 °mph,0 °mph,29.07 °in,0.0 °in,Fair
16,8:20 AM,70 °F,63 °F,78 °%,VAR,2 °mph,0 °mph,29.07 °in,0.0 °in,Fair
17,8:50 AM,75 °F,63 °F,65 °%,VAR,2 °mph,0 °mph,29.07 °in,0.0 °in,Fair
18,9:20 AM,75 °F,63 °F,65 °%,VAR,2 °mph,0 °mph,29.07 °in,0.0 °in,Fair
19,9:50 AM,77 °F,61 °F,57 °%,ESE,3 °mph,0 °mph,29.07 °in,0.0 °in,Fair
20,10:20 AM,79 °F,63 °F,57 °%,S,5 °mph,0 °mph,29.07 °in,0.0 °in,Fair
21,10:50 AM,79 °F,64 °F,61 °%,SSE,5 °mph,0 °mph,29.04 °in,0.0 °in,Fair
22,11:20 AM,81 °F,63 °F,54 °%,VAR,3 °mph,0 °mph,29.04 °in,0.0 °in,Fair
23,11:50 AM,82 °F,63 °F,51 °%,VAR,5 °mph,0 °mph,29.04 °in,0.0 °in,Fair
24,12:20 PM,84 °F,63 °F,48 °%,N,10 °mph,0 °mph,29.04 °in,0.0 °in,Fair
25,12:50 PM,84 °F,63 °F,48 °%,E,8 °mph,0 °mph,29.04 °in,0.0 °in,Fair
26,1:20 PM,86 °F,63 °F,45 °%,N,9 °mph,0 °mph,29.04 °in,0.0 °in,Fair
27,1:50 PM,86 °F,63 °F,45 °%,N,10 °mph,0 °mph,29.04 °in,0.0 °in,Fair
28,2:20 PM,86 °F,63 °F,45 °%,NNW,12 °mph,0 °mph,29.01 °in,0.0 °in,Fair
29,2:50 PM,88 °F,64 °F,46 °%,NNW,12 °mph,0 °mph,29.01 °in,0.0 °in,Fair
30,3:20 PM,88 °F,63 °F,43 °%,N,14 °mph,0 °mph,29.01 °in,0.0 °in,Fair
31,3:50 PM,88 °F,63 °F,43 °%,NNW,16 °mph,0 °mph,29.01 °in,0.0 °in,Fair
32,4:20 PM,86 °F,64 °F,48 °%,N,16 °mph,0 °mph,29.01 °in,0.0 °in,Fair
33,4:50 PM,86 °F,64 °F,48 °%,NNW,18 °mph,0 °mph,29.01 °in,0.0 °in,Fair
34,5:20 PM,86 °F,64 °F,48 °%,N,15 °mph,0 °mph,29.01 °in,0.0 °in,Fair
35,5:50 PM,84 °F,64 °F,51 °%,N,14 °mph,0 °mph,29.01 °in,0.0 °in,Fair
36,6:20 PM,84 °F,64 °F,51 °%,N,15 °mph,0 °mph,29.01 °in,0.0 °in,Fair
37,6:50 PM,82 °F,64 °F,54 °%,N,14 °mph,0 °mph,29.01 °in,0.0 °in,Fair
38,7:20 PM,81 °F,64 °F,58 °%,N,15 °mph,0 °mph,29.01 °in,0.0 °in,Fair
39,7:50 PM,79 °F,64 °F,61 °%,N,12 °mph,0 °mph,29.01 °in,0.0 °in,Fair
40,8:20 PM,77 °F,64 °F,65 °%,NNE,12 °mph,0 °mph,29.04 °in,0.0 °in,Fair
41,8:50 PM,77 °F,64 °F,65 °%,N,12 °mph,0 °mph,29.04 °in,0.0 °in,Fair
42,9:20 PM,75 °F,64 °F,69 °%,NNE,12 °mph,0 °mph,29.04 °in,0.0 °in,Fair
43,9:50 PM,75 °F,64 °F,69 °%,NNE,10 °mph,0 °mph,29.04 °in,0.0 °in,Fair
44,10:20 PM,73 °F,64 °F,73 °%,ENE,7 °mph,0 °mph,29.07 °in,0.0 °in,Fair
45,10:50 PM,72 °F,64 °F,78 °%,ENE,6 °mph,0 °mph,29.07 °in,0.0 °in,Fair
46,11:20 PM,72 °F,64 °F,78 °%,ENE,6 °mph,0 °mph,29.07 °in,0.0 °in,Fair
47,11:50 PM,72 °F,64 °F,78 °%,E,3 °mph,0 °mph,29.07 °in,0.0 °in,Fair
48,,,,,,,,,,
49,,,,,,,,,,
50,,,,,,,,,,
51,,,,,,,,,,
52,,,,,,,,,,
53,,,,,,,,,,
54,,,,,,,,,,
55,,,,,,,,,,
56,,,,,,,,,,
57,,,,,,,,,,
