,Time,Temperature,Dew Point,Humidity,Wind,Wind Speed,Wind Gust,Pressure,Precip.,Condition
0,12:20 AM,32 °F,30 °F,93 °%,VAR,2 °mph,0 °mph,29.30 °in,0.0 °in,Fair
1,12:50 AM,32 °F,30 °F,93 °%,VAR,1 °mph,0 °mph,29.30 °in,0.0 °in,Fair
2,1:20 AM,32 °F,30 °F,93 °%,E,3 °mph,0 °mph,29.30 °in,0.0 °in,Fair
3,1:50 AM,32 °F,30 °F,93 °%,E,2 °mph,0 °mph,29.30 °in,0.0 °in,Fair
4,2:20 AM,32 °F,30 °F,93 °%,CALM,0 °mph,0 °mph,29.30 °in,0.0 °in,Fair
5,2:50 AM,30 °F,28 °F,93 °%,WNW,2 °mph,0 °mph,29.30 °in,0.0 °in,Fair
6,3:20 AM,30 °F,28 °F,93 °%,WNW,3 °mph,0 °mph,29.30 °in,0.0 °in,Fair
7,3:50 AM,32 °F,28 °F,87 °%,VAR,2 °mph,0 °mph,29.30 °in,0.0 °in,Fair
8,4:20 AM,32 °F,30 °F,93 °%,E,2 °mph,0 °mph,29.30 °in,0.0 °in,Fair
9,4:50 AM,30 °F,30 °F,100 °%,CALM,0 °mph,0 °mph,29.30 °in,0.0 °in,Fair
10,5:20 AM,32 °F,30 °F,93 °%,CALM,0 °mph,0 °mph,29.30 °in,0.0 °in,Fair
11,5:50 AM,32 °F,30 °F,93 °%,NNW,2 °mph,0 °mph,29.30 °in,0.0 °in,Fair
12,6:20 AM,32 °F,30 °F,93 °%,CALM,0 °mph,0 °mph,29.30 °in,0.0 °in,Fair
13,6:50 AM,34 °F,30 °F,87 °%,CALM,0 °mph,0 °mph,29.30 °in,0.0 °in,Fair
14,7:20 AM,34 °F,30 °F,87 °%,CALM,0 °mph,0 °mph,29.30 °in,0.0 °in,Fair
15,7:50 AM,32 °F,30 °F,93 °%,CALM,0 °mph,0 °mph,29.30 °in,0.0 °in,Fair
16,8:20 AM,34 °F,32 °F,93 °%,CALM,0 °mph,0 °mph,29.30 °in,0.0 °in,Fair
17,8:50 AM,34 °F,32 °F,93 °%,CALM,0 °mph,0 °mph,29.30 °in,0.0 °in,Mostly Cloudy
18,9:20 AM,36 °F,32 °F,87 °%,CALM,0 °mph,0 °mph,29.33 °in,0.0 °in,Mostly Cloudy
19,9:50 AM,36 °F,32 °F,87 °%,W,2 °mph,0 °mph,29.33 °in,0.0 °in,Mostly Cloudy
20,10:20 AM,36 °F,34 °F,93 °%,VAR,2 °mph,0 °mph,29.33 °in,0.0 °in,Mostly Cloudy
21,10:50 AM,37 °F,34 °F,87 °%,VAR,2 °mph,0 °mph,29.30 °in,0.0 °in,Mostly Cloudy
22,11:20 AM,37 °F,34 °F,87 °%,VAR,2 °mph,0 °mph,29.30 °in,0.0 °in,Mostly Cloudy
23,11:50 AM,39 °F,34 °F,81 °%,VAR,1 °mph,0 °mph,29.33 °in,0.0 °in,Mostly Cloudy
24,12:20 PM,39 °F,34 °F,81 °%,VAR,2 °mph,0 °mph,29.30 °in,0.0 °in,Mostly Cloudy
25,12:50 PM,39 °F,32 °F,75 °%,VAR,2 °mph,0 °mph,29.30 °in,0.0 °in,Mostly Cloudy
26,1:20 PM,41 °F,34 °F,76 °%,VAR,1 °mph,0 °mph,29.30 °in,0.0 °in,Mostly Cloudy
27,1:50 PM,41 °F,32 °F,70 °%,VAR,2 °mph,0 °mph,29.30 °in,0.0 °in,Mostly Cloudy
28,2:20 PM,41 °F,34 °F,76 °%,CALM,0 °mph,0 °mph,29.27 °in,0.0 °in,Mostly Cloudy
29,2:50 PM,41 °F,34 °F,76 °%,VAR,1 °mph,0 °mph,29.27 °in,0.0 °in,Mostly Cloudy
30,3:20 PM,43 °F,34 °F,70 °%,CALM,0 °mph,0 °mph,29.27 °in,0.0 °in,Mostly Cloudy
31,3:50 PM,43 °F,36 °F,76 °%,VAR,2 °mph,0 °mph,29.27 °in,0.0 °in,Mostly Cloudy
32,4:20 PM,43 °F,36 °F,76 °%,VAR,2 °mph,0 °mph,29.27 °in,0.0 °in,Mostly Cloudy
33,4:50 PM,43 °F,36 °F,76 °%,E,2 °mph,0 °mph,29.27 °in,0.0 °in,Mostly Cloudy
34,5:20 PM,43 °F,36 °F,76 °%,E,2 °mph,0 °mph,29.27 °in,0.0 °in,Mostly Cloudy
35,5:50 PM,41 °F,37 °F,87 °%,CALM,0 °mph,0 °mph,29.27 °in,0.0 °in,Mostly Cloudy
36,6:20 PM,41 °F,37 °F,87 °%,VAR,1 °mph,0 °mph,29.27 °in,0.0 °in,Mostly Cloudy
37,6:50 PM,41 °F,37 °F,87 °%,CALM,0 °mph,0 °mph,29.27 °in,0.0 °in,Mostly Cloudy
38,7:20 PM,41 °F,37 °F,87 °%,SSE,3 °mph,0 °mph,29.27 °in,0.0 °in,Mostly Cloudy
39,7:50 PM,41 °F,37 °F,87 °%,VAR,1 °mph,0 °mph,29.27 °in,0.0 °in,Mostly Cloudy
40,8:20 PM,41 °F,37 °F,87 °%,CALM,0 °mph,0 °mph,29.27 °in,0.0 °in,Mostly Cloudy
41,8:50 PM,41 °F,37 °F,87 °%,N,1 °mph,0 °mph,29.27 °in,0.0 °in,Mostly Cloudy
42,9:20 PM,41 °F,39 °F,93 °%,N,2 °mph,0 °mph,29.27 °in,0.0 °in,Mostly Cloudy
43,9:50 PM,41 °F,37 °F,87 °%,CALM,0 °mph,0 °mph,29.27 °in,0.0 °in,Mostly Cloudy
44,10:20 PM,41 °F,39 °F,93 °%,CALM,0 °mph,0 °mph,29.27 °in,0.0 °in,Mostly Cloudy
45,10:50 PM,41 °F,39 °F,93 °%,VAR,1 °mph,0 °mph,29.27 °in,0.0 °in,Mostly Cloudy
46,11:20 PM,41 °F,39 °F,93 °%,VAR,1 °mph,0 °mph,29.27 °in,0.0 °in,Fair
47,11:50 PM,41 °F,39 °F,93 °%,VAR,1 °mph,0 °mph,29.27 °in,0.0 °in,Mostly Cloudy
48,,,,,,,,,,
49,,,,,,,,,,
50,,,,,,,,,,
51,,,,,,,,,,
52,,,,,,,,,,
53,,,,,,,,,,
54,,,,,,,,,,
55,,,,,,,,,,
56,,,,,,,,,,
57,,,,,,,,,,
